(-11.771676584500032, -1.1161944793825342, 2.764623818683084)
(-11.700555621409144, -1.1260721847296224, 2.8142234435127964)
(-11.62533429759946, -1.1290583449638087, 2.8625918085186224)
(-11.54409868795803, -1.1200013178274513, 2.9099617679907834)
(-11.449518694377787, -1.0922305675991484, 2.9609841330298408)
(-11.361817530658218, -1.048242683022777, 3.006446077695182)
(-11.276098504684159, -0.9847102664429445, 3.0510601868090808)
(-11.196221042130519, -0.9008136186893181, 3.0948526499323936)
(-11.13260019715926, -0.8079166513594418, 3.1335903306092923)
(-11.069749847882349, -0.6730004863443176, 3.1801365726618673)
(-11.030662790974057, -0.5318096918963028, 3.2217549995939425)
(-11.0121186636623, -0.37563870942240535, 3.2627777532392273)
(-11.016821321047596, -0.20782197789113463, 3.3032853338203862)
(-11.046815616788328, -0.03230343128198823, 3.343346665008086)
(-11.103385094174715, 0.1465095915827089, 3.3830140879815773)
(-11.186978817934307, 0.32391335781687247, 3.42232071521159)
(-11.297171988486772, 0.4950871323077904, 3.4612801502249484)
(-11.432662447959142, 0.655275639029731, 3.499888256239036)
(-11.591302425066457, 0.7999657721925688, 3.538126441140387)
(-11.770162632728626, 0.9250500367489531, 3.5759658457877985)
(-11.965624335542062, 1.0269708714889758, 3.6133718824716397)
(-12.173494202035545, 1.1028417282453205, 3.650308663446277)
(-12.389136511444713, 1.1505423296572166, 3.6867429613725133)
(-12.607617428646796, 1.1687867877414333, 3.7226474747982943)
(-12.823856411207112, 1.1571642214353233, 3.758003250752925)
(-13.032780244636267, 1.1161521780940802, 3.7928012222674727)
(-13.229475608264593, 1.0471036241086353, 3.8270428718865483)
(-13.409336403653437, 0.9522085902785049, 3.8607400821586193)
(-13.568202316360576, 0.8344318207620057, 3.893914285875268)
(-13.702485242646018, 0.6974280555915435, 3.926595039543483)
(-13.809280324478703, 0.5454369066142859, 3.958818185654975)
(-13.886458475435226, 0.38315971405086163, 3.990623761408408)
(-13.932737478523125, 0.21562126825803601, 4.022053833111891)
(-13.947729057167702, 0.048019839399772835, 4.053150415862837)
(-13.931959785171227, -0.11443047800257249, 4.083953638457464)
(-13.886864341513059, -0.2666605795472397, 4.114500269653311)
(-13.814750402987418, -0.4039053825602807, 4.144822687229239)
(-13.718735393631803, -0.5218558776210727, 4.17494832087861)
(-13.602656329265647, -0.6167989550244332, 4.204899531924416)
(-13.470955047363097, -0.6857399416449413, 4.234693853243508)
(-13.328542147614462, -0.7265032301905432, 4.264344467450343)
(-13.18064390430812, -0.7378070715345219, 4.2938607901780035)
(-13.032637184106518, -0.7193095044325781, 4.323249052132702)
(-12.88987795884011, -0.6716234779247546, 4.35251276313071)
(-12.757529300937962, -0.5963003634848759, 4.381653034309491)
(-12.640394800264803, -0.4957822407845295, 4.41066872876103)
(-12.542763150396082, -0.373324466095181, 4.439556469068836)
(-12.468269251925879, -0.23289108685909637, 4.46831053729828)
(-12.419776597931378, -0.07902660512461487, 4.496922712397285)
(-12.400221578951784, 0.0835641413380436, 4.52534162190315)
(-12.40899888248123, 0.25108113184104525, 4.5541297018983435)
(-12.440884503721293, 0.422487971773407, 4.583734443207963)
(-12.489113515499227, 0.5984500048199728, 4.614267108722207)
(-12.540760403563619, 0.7612827583165125, 4.642332578679524)
(-12.607348536065807, 0.9659268068915591, 4.676950603460415)
(-12.665181716045396, 1.1561940830840602, 4.7082585185719035)
(-12.715485584620383, 1.3485013566003188, 4.739011832319595)
(-12.754458866499391, 1.5403079365617638, 4.76895971515837)
(-12.779259146409967, 1.7286812876503774, 4.7979610352647795)
(-12.787873030403738, 1.9096273769857524, 4.8259222287765695)
(-12.779668247936437, 2.0806061035867094, 4.8528331872445305)
(-12.755572345398008, 2.2426340292542015, 4.879238779022018)
(-12.718498289936406, 2.398559141456144, 4.905935851461235)
(-12.67318387361688, 2.5519891038045364, 4.93320526474291)
(-12.624873076868495, 2.705169055388378, 4.960903712929325)
(-12.578506571196677, 2.859350272819006, 4.988702873209327)
(-12.538183756325008, 3.0150391860636705, 5.016278435920151)
(-12.507216347355968, 3.1726427518262263, 5.043423838221952)
(-12.48623011738685, 3.3316160808228004, 5.070277629368865)
(-12.472444146888478, 3.4905981204932206, 5.096866030534662)
(-12.461691471215314, 3.6481048584515197, 5.123101098400806)
(-12.44982266109019, 3.8023102625579894, 5.148862962588898)
(-12.433319414498786, 3.9509446055803967, 5.173999360132231)
(-12.40951487933117, 4.091094226662579, 5.198361024194481)
(-12.376742332288611, 4.220111190077104, 5.221863653732686)
(-12.334063925637155, 4.33645694205012, 5.244540918023962)
(-12.281178392402039, 4.440892913655032, 5.266680228548768)
(-12.21885872878895, 4.536027295870023, 5.288802152479217)
(-12.148986954912113, 4.624718614133444, 5.311180486376941)
(-12.073908422598384, 4.710140963486794, 5.333805896851748)
(-11.996030586265645, 4.794926917323674, 5.356555731215003)
(-11.917229985407515, 4.880868376207516, 5.379303408240643)
(-11.838023703862975, 4.967541098702124, 5.401949742227694)
(-11.75768756407271, 5.052009814816042, 5.424213634758894)
(-11.675281752035186, 5.131470938569009, 5.445916567145423)
(-11.590285897710842, 5.203777262946293, 5.466988038925848)
(-11.502468959512797, 5.269390494575728, 5.487546897023255)
(-11.412343746934848, 5.331563976051196, 5.507975298836043)
(-11.321751332913559, 5.3944584095911265, 5.528354153468533)
(-11.233663976823221, 5.461955874023421, 5.5485085626262585)
(-11.151872128116931, 5.537288826716317, 5.568192955058116)
(-11.080452032083079, 5.622766102560216, 5.58721176382452)
(-11.022325922425242, 5.719433230544113, 5.605601874708106)
(-10.977084743881267, 5.82635795041994, 5.623724186342318)
(-10.941229800881318, 5.941215389003196, 5.6419143150909745)
(-10.91017271768236, 6.061050716219569, 5.660248950047529)
(-10.879654585756947, 6.181953576413164, 5.678572312997059)
(-10.846696924469512, 6.300418422980859, 5.696609330754003)
(-10.809578419965552, 6.41408865638241, 5.714177436391701)
(-10.767817828905553, 6.5229809988927006, 5.731353203289635)
(-10.72229992370006, 6.629086504752625, 5.748445608405956)
(-10.674789644371877, 6.73444718764566, 5.765565172753728)
(-10.627064523923945, 6.8405560737076225, 5.7826334453033095)
(-10.580474316579549, 6.948335359995663, 5.799547400092848)
(-10.535840011414422, 7.058239529299121, 5.816243065832614)
(-10.493482306531023, 7.170568561079551, 5.832722959755192)
(-10.45286733311435, 7.284611934997687, 5.849026762065152)
(-10.412517881703614, 7.398221160434343, 5.865090049110985)
(-10.370726820921682, 7.5088024576827195, 5.880784403961066)
(-10.326130346628696, 7.614288144940237, 5.896035584546604)
(-10.277847554296853, 7.713667605503377, 5.910872326675903)
(-10.225518603243904, 7.806869555468759, 5.925408780853141)
(-10.16925095292554, 7.89448405196245, 5.939775651593942)
(-10.109453553854705, 7.977302302647319, 5.954049245588732)
(-10.046597803324643, 8.056087236117298, 5.96824352902778)
(-9.981101949119816, 8.13122338701298, 5.982326333588916)
(-9.913228476748737, 8.20293969024861, 5.996258041779928)
(-9.842971376980826, 8.271615348690272, 6.010059741810692)
(-9.770450943625507, 8.336004933879327, 6.023685256376353)
(-9.695848071208601, 8.394132232938361, 6.0369725050079355)
(-9.619229573611092, 8.444836563307279, 6.049853390733197)
(-9.540473316545603, 8.488775605326207, 6.06244118605559)
(-9.45944516967387, 8.528775697221512, 6.074995929446316)
(-9.376682359458572, 8.56816972004162, 6.087609183434418)
(-9.293099659845476, 8.609782130803987, 6.100210583199687)
(-9.209568130063786, 8.655116528704154, 6.112716316990256)
(-9.126441139128541, 8.704477166569953, 6.125083992913067)
(-9.043667991047746, 8.756468914584142, 6.137291206934446)
(-8.96098598970354, 8.808831772168285, 6.149263426302348)
(-8.877996507113778, 8.859983024416998, 6.160950885142874)
(-8.794335261752432, 8.909599184908362, 6.172395627588992)
(-8.70989769557442, 8.958350966868746, 6.183693288931241)
(-8.624875538821026, 9.007268859097833, 6.194893836133975)
(-8.539575997349523, 9.057340405053488, 6.2059858312744325)
(-8.454254485978234, 9.109389925327296, 6.216951102501421)
(-8.36911739317757, 9.163708562623022, 6.227783568102468)
(-8.284216787794136, 9.220063897372064, 6.238472304507654)
(-8.199511684819948, 9.277649041713737, 6.24900211830916)
(-8.114860111983091, 9.335545329901755, 6.259350667232452)
(-8.030073355595327, 9.393109088766657, 6.269519563389799)
(-7.945028926168027, 9.449986004113688, 6.279526985081511)
(-7.8596569323690675, 9.5061411053446, 6.289391553033563)
(-7.773936467855905, 9.561727997022803, 6.2991328720581405)
(-7.6878967340780795, 9.616852916371624, 6.308762785811686)
(-7.601638468892088, 9.671365877989372, 6.318261366232856)
(-7.515175641437999, 9.725301735593359, 6.327599559220153)
(-7.428453572996244, 9.77916366553451, 6.336799497282256)
(-7.341501453094032, 9.833621358297057, 6.345896456764353)
(-7.2544779395854455, 9.889046386672545, 6.354889171851772)
(-7.167494016098251, 9.945678610700435, 6.363748271140311)
(-7.08059738489072, 10.003837797843694, 6.372469070509919)
(-6.993858907604804, 10.06388102777811, 6.381061699888251)
(-6.907362796854166, 10.12618049308422, 6.389532867993044)
(-6.821209261296536, 10.190982840214286, 6.397890451275652)
(-6.735493241099471, 10.258293690438597, 6.406133877340971)
(-6.650237464756981, 10.328007896739544, 6.414260133587154)
(-6.565440729707303, 10.399843627987307, 6.422275825222884)
(-6.481079145615719, 10.47339475435151, 6.4301754681377545)
(-6.397083809615201, 10.548363316483872, 6.437956219765346)
(-6.3133873030450705, 10.624582299073245, 6.44563173330297)
(-6.229950964088772, 10.701848914966588, 6.4532142267641746)
(-6.146742443678584, 10.779793123848078, 6.460700229531516)
(-6.063687051230847, 10.85796838497973, 6.46807806649794)
(-5.980664983006614, 10.93595972051888, 6.475347486126563)
(-5.89754124928757, 11.013328455995083, 6.482518056282482)
(-5.814207814962324, 11.089409579301336, 6.489588539697635)
(-5.73058408252837, 11.163295177591486, 6.496534294133284)
(-5.646564079866569, 11.234120692835452, 6.503332881332841)
(-5.553539998295268, 11.307739312784708, 6.510648452443003)
(-5.476920722584097, 11.364189289742212, 6.516518376677986)
(-5.3912325361362745, 11.422656156114586, 6.522928295479343)
(-5.296262547681644, 11.481784569710989, 6.529869287782207)
(-5.217928389688702, 11.526318856327633, 6.535492105290302)
(-5.1215045966531125, 11.576012114107067, 6.542309480609581)
(-5.0330220160376085, 11.616547991070801, 6.548463321662051)
(-4.944569258590892, 11.650977269921425, 6.554510898426664)
(-4.857695409318118, 11.67691400802007, 6.560253863514662)
(-4.773547873082922, 11.692758830547538, 6.565573297355417)
(-4.6916833871730725, 11.698811077256888, 6.5705986333100785)
(-4.60948150506542, 11.698299656009105, 6.57578952646383)
(-4.525250070859174, 11.695496157107284, 6.581286795001844)
(-4.438497697589492, 11.694087797097072, 6.586949483963747)
(-4.349417380701481, 11.696436898650555, 6.592612073497887)
(-4.267452043311471, 11.702865884677692, 6.597617709467425)
(-4.174606107510111, 11.715264903780565, 6.603055866631749)
(-4.080141970277505, 11.733070450620522, 6.608384464366463)
(-3.9842647553409796, 11.755825827364008, 6.613629492348496)
(-3.8774693948329637, 11.785696762414462, 6.619334309938934)
(-3.789247952033651, 11.813229123676889, 6.62395009813794)
(-3.680529230863803, 11.850044040637172, 6.629531495066541)
(-3.580884588222607, 11.886205269974939, 6.634567378651545)
(-3.480666808035791, 11.924357302130698, 6.639577750914508)
(-3.3801000887357535, 11.963674626509052, 6.644537885836123)
(-3.2793509406343797, 12.003247215489168, 6.649427967812317)
(-3.1785243001523553, 12.042214413440284, 6.654243200280071)
(-3.0777906883927453, 12.079682401844995, 6.658979568334652)
(-2.977353077152385, 12.114788023879212, 6.663621490966745)
(-2.876861242262105, 12.147160938292547, 6.668215048706605)
(-2.7769842276334398, 12.175251897493421, 6.672774894253255)
(-2.6797631977284486, 12.196388669540385, 6.677090992249861)
(-2.586987287821962, 12.208439627589499, 6.681003145398611)
(-2.499445298972333, 12.210353941708744, 6.684498102256592)
(-2.4158485170914457, 12.202837438640485, 6.687848329890636)
(-2.333301392281679, 12.188596523522145, 6.691458273187433)
(-2.249082670567888, 12.171400466727553, 6.695422724157021)
(-2.162342341940943, 12.15370303607601, 6.699732298927167)
(-2.0744720399527865, 12.134975017453142, 6.704143410578992)
(-1.9880394102455152, 12.112954826322532, 6.708385535256817)
(-1.9058487821050005, 12.08547187670322, 6.712265298737421)
(-1.8288229622032677, 12.05150233978787, 6.715697635941454)
(-1.7547350759830886, 12.011867830794078, 6.719052859800755)
(-1.6803378819145602, 11.969312333815278, 6.722608175426324)
(-1.602779030005785, 11.927775310895461, 6.72627472018857)
(-1.5199023475944509, 11.891915725840253, 6.729818275103918)
(-1.4309648519197944, 11.865951519607114, 6.733065409752005)
(-1.3359718294729235, 11.852583867111132, 6.736010405642886)
(-1.2354587255854892, 11.851635565100564, 6.738901124307469)
(-1.1307902833102215, 11.859575672499433, 6.742006378916795)
(-1.0236823519562541, 11.871746736251946, 6.745322172415912)
(-0.9158101639898173, 11.88412508199671, 6.748697851332826)
(-0.8191191902493598, 11.893124938270393, 6.751673042556338)
(-0.7018137653874008, 11.899917559597224, 6.755229732896299)
(-0.5962092748259027, 11.90154990565428, 6.758487529099625)
(-0.4923512949717464, 11.898279549980945, 6.761767997972568)
(-0.3921110442165583, 11.889099665870196, 6.764919163512564)
(-0.29624596230434275, 11.873389409136028, 6.767863748028927)
(-0.20497542387273504, 11.851047865438877, 6.770662681482721)
(-0.11751829295728876, 11.822712124462443, 6.773431632771901)
(-0.03234844954551375, 11.789713903071107, 6.7763032816167375)
(0.05219478836155854, 11.753788239157702, 6.779312236350753)
(0.1376414236255941, 11.71673931344411, 6.782417220301124)
(0.2250980321101861, 11.680096909881701, 6.785564913371607)
(0.31485869543485134, 11.64467378864872, 6.788721352244926)
(0.40638331519906384, 11.610348516095383, 6.79184362900827)
(0.4985702287609601, 11.57634992128095, 6.794872593653423)
(0.5909350876878824, 11.54203124229435, 6.797774607506837)
(0.6835892942216171, 11.507223388770107, 6.8006064865798175)
(0.7767106907129305, 11.472100077033566, 6.803416034086597)
(0.8707381316514764, 11.436988908873246, 6.806229306972561)
(0.9653421562887343, 11.401856527900712, 6.809058301046452)
(1.0594489382675436, 11.366224453043788, 6.811802164690484)
(1.153127469893903, 11.329892861338061, 6.814418386025182)
(1.2470191193403124, 11.29322800141961, 6.816984814473117)
(1.3419552818500033, 11.257034505797945, 6.819537366049204)
(1.4389050828905023, 11.222318382600243, 6.822075701761686)
(1.5377851129233342, 11.189734923085371, 6.8245733741654035)
(1.6395087050538677, 11.160273672031945, 6.826920763825695)
(1.745322181374355, 11.135487774590187, 6.829191567852459)
(1.855581341771813, 11.116487368947793, 6.831432697015578)
(1.9696402759671998, 11.103030302577183, 6.833701822154098)
(2.086030503033068, 11.093478812891785, 6.836005433435884)
(2.2032218899012657, 11.085717877367268, 6.838300231367865)
(2.3199738422926535, 11.077880396401907, 6.840544112160538)
(2.435520637970322, 11.068678486415976, 6.842721094422036)
(2.5494507798676045, 11.057416105187889, 6.844842131418054)
(2.661768919502727, 11.0439450600006, 6.8469295355040005)
(2.77279729275055, 11.028537809026748, 6.849014860823541)
(2.883041199494803, 11.011703832048953, 6.851120084780545)
(2.9928042219755997, 10.99389882241373, 6.853243841432666)
(3.1021743930872456, 10.97537460225838, 6.8553585788789055)
(3.2112010239568454, 10.956216021613624, 6.857446173374323)
(3.319851619446883, 10.936362692244563, 6.85950964395598)
(3.4277582444781234, 10.915545213364032, 6.861537936046561)
(3.5346132943443376, 10.893422123464541, 6.863512956990609)
(3.6401017828479083, 10.869667165730865, 6.865435387525215)
(3.744031261493811, 10.844056848038663, 6.867306815941095)
(3.8463688617293395, 10.816516794495335, 6.869136537986906)
(3.9473260721731394, 10.787137878637981, 6.870945643002621)
(4.047045284573469, 10.756073672489668, 6.872748174969664)
(4.145679209146015, 10.723464535643215, 6.874541387780842)
(4.2428622577456085, 10.689387066830852, 6.876277699845627)
(4.339519616586438, 10.654264277974788, 6.877954232068344)
(4.436894546401318, 10.618923878696636, 6.879666270854775)
(4.535457818267628, 10.584018118816685, 6.881432422990953)
(4.634937278405077, 10.549584603438616, 6.883208663253312)
(4.734489659034391, 10.515086861461956, 6.884943004519571)
(4.833191950142151, 10.479771253862983, 6.886601155760747)
(4.930373563409913, 10.442975273325615, 6.8881824254083766)
(5.025694142539006, 10.404236070965748, 6.889717602933621)
(5.118700237371321, 10.363214287210393, 6.891228124396495)
(5.208827464189877, 10.31959917544053, 6.892702162085351)
(5.295082884180444, 10.27318944884539, 6.894073800169404)
(5.377580834537028, 10.224071125475678, 6.895307972426828)
(5.4587288207138895, 10.172971811343018, 6.896566330327783)
(5.541297910140292, 10.121471979962674, 6.897946025949695)
(5.626886469197485, 10.07126024719669, 6.89937905036765)
(5.716597513745299, 10.023621825537276, 6.900766221174685)
(5.810857622028632, 9.979320808424683, 6.902083309467351)
(5.909584624379591, 9.938606643778039, 6.903341702273934)
(6.01242033841999, 9.901325154443008, 6.904571202171945)
(6.118734575312106, 9.866986488110479, 6.905813753782454)
(6.227461798609834, 9.8347528433231, 6.907094237944516)
(6.337291909741478, 9.803568529958357, 6.908391746602576)
(6.447124280774791, 9.772419487206003, 6.909673760244121)
(6.556041834471452, 9.740485006246315, 6.910924525094983)
(6.663500086162158, 9.707221085540997, 6.912138136507565)
(6.769244794058508, 9.67235859151136, 6.913324411016406)
(6.873320447068578, 9.635860619467069, 6.914498206297857)
(6.975900932098735, 9.597842824260058, 6.9156734307494325)
(7.077286379044528, 9.558479097722369, 6.916859699265831)
(7.177506254062618, 9.517886062986857, 6.918052842867323)
(7.2764899669965875, 9.476070577492449, 6.919230040586482)
(7.374169470056249, 9.43296712574213, 6.920387429790329)
(7.470296874553115, 9.388473383501921, 6.921520055799506)
(7.565052154079262, 9.342406897288607, 6.92265875690814)
(7.657734900756165, 9.294372449075615, 6.9238314596677855)
(7.746192324574145, 9.243760073921582, 6.924931380513795)
(7.827932245886089, 9.19000271537642, 6.9258098755932656)
(7.901257630223835, 9.132676770805343, 6.926413883132121)
(7.965822094301723, 9.071455460358392, 6.926845143204176)
(8.022194441672447, 9.00626909362538, 6.927284517869421)
(8.071192839078615, 8.9372744247657, 6.927847337174559)
(8.112573424686401, 8.86519969235915, 6.9284573902744695)
(8.146783075462539, 8.790464448702831, 6.9290341150926436)
(8.175680156565738, 8.713161641308488, 6.929687176980606)
(8.202066271279763, 8.633485785318383, 6.930518386877066)
(8.22838420093785, 8.552108655630192, 6.93148160180015)
(8.257337556863563, 8.469609279572582, 6.932469537085827)
(8.291326101628961, 8.386699855869185, 6.93342745689114)
(8.331483276340137, 8.304156707548584, 6.934341930276682)
(8.377815961642034, 8.222393473846454, 6.935216295088141)
(8.429403552197982, 8.141443174063344, 6.93607076767201)
(8.484989453069815, 8.061090625304708, 6.936913518854393)
(8.543535433077967, 7.981044351698587, 6.937754430494978)
(8.604276182886933, 7.9010986041615405, 6.938605529679902)
(8.666721851351962, 7.821161908396107, 6.939463713632029)
(8.730694310391087, 7.741231429079515, 6.940323156320596)
(8.796352209989783, 7.661357213628307, 6.941185079477572)
(8.86389531727784, 7.581655258404507, 6.942056465391316)
(8.933336768890923, 7.502253671410109, 6.942928402744092)
(9.004635109094522, 7.423198697109483, 6.943791749281538)
(9.077564359684068, 7.34450226871469, 6.944646841051584)
(9.151829611420272, 7.266121592846716, 6.945488566943379)
(9.227092512978972, 7.187999147291566, 6.946314466589138)
(9.30318746004866, 7.110045840682097, 6.947125847329003)
(9.379945989682096, 7.032201168271545, 6.947937593772282)
(9.4570454129712, 6.954419003936926, 6.948747413537597)
(9.534112004848895, 6.876612979098628, 6.949544983643571)
(9.610773200011122, 6.798675868195727, 6.950326941441497)
(9.686685744657092, 6.720502087096307, 6.951093134478415)
(9.761611180563325, 6.641959355089645, 6.951852519512466)
(9.835106900321215, 6.5629603102742955, 6.952610201593965)
(9.90652681667085, 6.4834187124171345, 6.953348310355936)
(9.975210849798765, 6.403199391455243, 6.954055143836255)
(10.040425148645973, 6.322196924851361, 6.954727859778059)
(10.101319836716629, 6.240392510335238, 6.955351861125049)
(10.15712568982336, 6.157808607115774, 6.9559073362414905)
(10.207321160825051, 6.0745338895471495, 6.956383034409256)
(10.252080631394888, 5.9905804436712184, 6.956794455004918)
(10.292768024118068, 5.905685936282348, 6.957232570874999)
(10.331326162549633, 5.819725595375652, 6.957775132536338)
(10.36966485465351, 5.732774272493472, 6.9584112296227145)
(10.409226807387737, 5.645011412449992, 6.959097958581381)
(10.450588026232367, 5.556697628748564, 6.959799643730382)
(10.493645515448879, 5.46798172640601, 6.960482215140352)
(10.537823883840417, 5.3789229824462526, 6.961136704413279)
(10.58232679352265, 5.289542361645807, 6.961759876537958)
(10.626421182474651, 5.199823616666797, 6.962351118875758)
(10.669552761540876, 5.109766126371683, 6.96291277164636)
(10.711532688641963, 5.019329247841462, 6.963449280947988)
(10.752541723270607, 4.928454539003879, 6.963979352982591)
(10.792980396424761, 4.837103788867328, 6.96452050353269)
(10.833194253911829, 4.745319007631905, 6.965074349528388)
(10.873458812925547, 4.6531242814726665, 6.96562962959795)
(10.913895651730588, 4.560547251440125, 6.966185264386498)
(10.95438783013443, 4.467651407638556, 6.9667347487175055)
(10.99468539751608, 4.374478139751169, 6.967268237402075)
(11.034475528813546, 4.281071054642891, 6.9677816264999555)
(11.073561318131905, 4.1874160565430945, 6.968274684308142)
(11.111967401807627, 4.093369746576573, 6.968775218347496)
(11.149350627288092, 3.9989497829205125, 6.969314999065363)
(11.184268694514147, 3.904849061967486, 6.969817643134778)
(11.21585948941845, 3.811330653808275, 6.970145886624704)
(11.245360361141197, 3.7175703958383015, 6.970416956035397)
(11.275093556317982, 3.622927209878628, 6.970781613632932)
(11.307087372314696, 3.5273268512537155, 6.97122895329599)
(11.34230108811074, 3.431031589205955, 6.971703269624669)
(11.380727018754841, 3.3342806774267233, 6.972162443481574)
(11.42166679986255, 3.23725333191622, 6.972594389488443)
(11.464218933380774, 3.1400272533070175, 6.97299732420579)
(11.507642340316984, 3.0425714997466704, 6.973387104232911)
(11.551266593129126, 2.9448952742977497, 6.973785890199256)
(11.594335552458826, 2.8471192016811244, 6.974189543111219)
(11.63619054729641, 2.7493117495554715, 6.97458122354739)
(11.676269490589675, 2.651548439119269, 6.974957561045029)
(11.714208653256936, 2.5538489374044113, 6.975317130389686)
(11.749776461403401, 2.456250256364574, 6.975665164626474)
(11.782932980951047, 2.358731507065717, 6.976003993252851)
(11.813766616386374, 2.261258657415064, 6.97634377164172)
(11.842422064382905, 2.1638062969255425, 6.976687464016316)
(11.869079125752307, 2.0663229610208247, 6.9770376232457)
(11.893814092185377, 1.968829481165277, 6.977393854565013)
(11.916614678411294, 1.8713653133648194, 6.977744898585037)
(11.937411604489434, 1.7739920159794567, 6.9780827964225995)
(11.956221807989033, 1.6766931120821382, 6.978405883850821)
(11.9731423289861, 1.5794305596303284, 6.978724849237697)
(11.988356770744238, 1.4820835173717326, 6.9790550109343155)
(12.00176101277312, 1.3848021258746805, 6.979398169927015)
(12.013021194828237, 1.2879168342185336, 6.979701245310342)
(12.022273406499806, 1.1913160453816174, 6.979942258059957)
(12.03038153219382, 1.0944943479024116, 6.9801766401258245)
(12.038679850938424, 0.9968716417651435, 6.9804469458260945)
(12.048452173232857, 0.8980309819149105, 6.980761567783782)
(12.060238893062762, 0.7979686402052789, 6.981122594798555)
(12.073452472120746, 0.6971339624544566, 6.9815042329154045)
(12.086736451971616, 0.5961743350626605, 6.981857760987085)
(12.098620739938012, 0.4956938929895575, 6.982146655224313)
(12.108063558063286, 0.39601486708591643, 6.982360922598731)
(12.114651372549547, 0.2971597139508749, 6.982527782647517)
(12.118604588839418, 0.19887100713940886, 6.982693398621857)
(12.120560741442153, 0.10075252174449868, 6.982901776648449)
(12.1211491742811, 0.0025666575393728597, 6.983161989934917)
(12.120774280624326, -0.09578042382603581, 6.983450006525158)
(12.119566530884212, -0.19427677008860122, 6.983745556501047)
(12.117391356405948, -0.29277864449302005, 6.984033861683604)
(12.113971770907824, -0.39110750732983574, 6.984303784092113)
(12.108983157172169, -0.4890550331553548, 6.984551632343078)
(12.10218128591688, -0.5864801831892209, 6.984775153090731)
(12.093485600389192, -0.6833504915367592, 6.984980955781258)
(12.083020323190999, -0.7797803118386366, 6.985181994528936)
(12.071088085661334, -0.8760990991995702, 6.98541006774682)
(12.057695524672463, -0.9722100896329592, 6.985683238760713)
(12.042397213027673, -1.0676412853686508, 6.985957897931371)
(12.024433798997022, -1.1616281403347517, 6.98618535170284)
(12.0031239503835, -1.2535703678796464, 6.986331946319511)
(11.97812778131813, -1.3432196619516485, 6.98641083069445)
(11.949558331606106, -1.4306318576129462, 6.98644758306901)
(11.918171688270855, -1.5166554863422201, 6.986491465138794)
(11.88534207585888, -1.602709270324701, 6.9866087932308805)
(11.852685079801859, -1.6901336306115675, 6.9868021723123235)
(11.821544612791126, -1.7797499536674268, 6.987029859996351)
(11.792696519478046, -1.8718610241224634, 6.987251977089938)
(11.766305500340108, -1.9663629963664473, 6.987454870168384)
(11.74204301247412, -2.062838813374114, 6.987636760185636)
(11.719386302587683, -2.1608457993159322, 6.987796240513141)
(11.697875262284628, -2.2600797560067876, 6.987945540291253)
(11.677094465490336, -2.3599902886721034, 6.988073070470639)
(11.657298681761002, -2.4609890737162634, 6.988150042817547)
(11.639460024592953, -2.5640367515066154, 6.988244357545476)
(11.624414828980063, -2.669486362435845, 6.988387234854113)
(11.61230264259924, -2.777095570598308, 6.988559519401236)
(11.602534634779893, -2.886215553827705, 6.988737966482186)
(11.59420086186897, -2.996180018163845, 6.988903738961456)
(11.586422096416724, -3.1064482432159273, 6.989058669132553)
(11.578506174309458, -3.2165887756207314, 6.989204035713129)
(11.570075082080121, -3.3264255519901744, 6.989339155829089)
(11.561070270545839, -3.4359846262478633, 6.989473936543531)
(11.551739613053586, -3.5455823023723934, 6.989626703057705)
(11.542314092256866, -3.655393500541294, 6.98982293126243)
(11.532709781129906, -3.765391801985202, 6.990065799057797)
(11.522139300422525, -3.874808793813087, 6.990340384097896)
(11.50921548325512, -3.9819662296385845, 6.9905425653584246)
(11.492808413041153, -4.085765504535377, 6.990567733535396)
(11.472636516224272, -4.186389052041217, 6.99046435868914)
(11.449512500544056, -4.285238178026203, 6.990398929091109)
(11.425064639435739, -4.384462350712359, 6.990496626710447)
(11.400170922696056, -4.4841877546073174, 6.99080668019341)
(11.374497746920907, -4.582948410368401, 6.991018554121233)
(11.34814245519142, -4.681439382320943, 6.991086750087626)
(11.322079836363113, -4.781076167078529, 6.991167931895165)
(11.297470766659556, -4.882724842292391, 6.991304614583157)
(11.275007692230316, -4.986591068411425, 6.991458206646842)
(11.25484114729746, -5.092531784591449, 6.9915941411548035)
(11.236784630203022, -5.200282351015774, 6.991706347301976)
(11.220519313477261, -5.3095776064217235, 6.991808831101736)
(11.205641560116554, -5.420085186491978, 6.991921263887499)
(11.191638204814934, -5.531344757498573, 6.9920483413360675)
(11.177926104648641, -5.642809516975642, 6.992176041883287)
(11.16403642971767, -5.7541042260238, 6.992286042816789)
(11.149798379011713, -5.8652667707258095, 6.992391069263563)
(11.13517898905085, -5.9763387998119555, 6.992524921537182)
(11.120032459658447, -6.087160201091946, 6.992687867813623)
(11.103952714832802, -6.197237701912556, 6.992854772231033)
(11.086415808888505, -6.306029796000251, 6.992989007647841)
(11.067013467207126, -6.413238542845247, 6.993083720936486)
(11.045554151273976, -6.518745053294305, 6.993152586048814)
(11.02212171519319, -6.622761399269975, 6.993213847354982)
(10.997014849510094, -6.725684090033863, 6.993297305397486)
(10.970580697303344, -6.827854899613034, 6.993412958533785)
(10.943066582559942, -6.929500412304401, 6.993554956281233)
(10.914503061635317, -7.030597857944835, 6.9937156330024655)
(10.884647827447372, -7.130827110762809, 6.993880532667127)
(10.853000091548239, -7.229686482903314, 6.994043782944525)
(10.818793103897674, -7.325983240040342, 6.994177284610582)
(10.78110502756973, -7.418710867798637, 6.994252452199962)
(10.738883860024092, -7.506180269404227, 6.994264890834214)
(10.691361157608792, -7.5850981053065425, 6.9940234667205745)
(10.638184789906648, -7.652617802975026, 6.9933271154824395)
(10.579393417329511, -7.707368155950361, 6.992198265948477)
(10.515173151764918, -7.750567111842539, 6.990984328010236)
(10.445887806666203, -7.786406573709151, 6.990195164154408)
(10.372795977749044, -7.81998246648143, 6.989976483264697)
(10.29769446930573, -7.85549237986109, 6.990121446536307)
(10.222138615140652, -7.895543171123073, 6.990405412994676)
(10.147015361783948, -7.940438181721417, 6.990726349408682)
(10.072413862317973, -7.989247339953512, 6.990995169735726)
(9.99801398185736, -8.040976383235982, 6.9911950667602465)
(9.92349899691784, -8.094959794993786, 6.991363266530405)
(9.848712029111477, -8.150741735264289, 6.991536206958754)
(9.77361028750649, -8.207983227972324, 6.9917241358079005)
(9.698158206268262, -8.266514525450354, 6.991933344773608)
(9.62231596735887, -8.325914810086477, 6.992175015826378)
(9.546068314142461, -8.385163449059533, 6.9924086436961295)
(9.46930531336991, -8.443641089665078, 6.992572599678439)
(9.38419843500698, -8.507536891269059, 6.992704869931738)
(9.306423552331186, -8.566430978457712, 6.992847719195785)
(9.228642659848985, -8.627340681321606, 6.993035268162317)
(9.15119085340578, -8.690820408646498, 6.993269362732919)
(9.07415050744647, -8.7563798578797, 6.993529674290832)
(8.997311397214968, -8.822759695826385, 6.993774944957045)
(8.920285502954481, -8.888590987545713, 6.993979137230078)
(8.842735801399105, -8.95259144236036, 6.9941303796507395)
(8.764604765816388, -9.013606079442074, 6.994181986523284)
(8.685749372464272, -9.072236639135626, 6.994134627146072)
(8.606185026590461, -9.131294529678245, 6.994155156001195)
(8.526703682884799, -9.19341692562468, 6.994275318221599)
(8.455968503338722, -9.25334385352015, 6.994407259914934)
(8.371121622914037, -9.331996784223563, 6.994564694085339)
(8.295525513445808, -9.407848903773141, 6.994684529152621)
(8.221027349825588, -9.486715179356315, 6.9947851583345235)
(8.147167073374106, -9.567492267762004, 6.994893433277973)
(8.080906360853263, -9.640820180215718, 6.9950055183191235)
(7.9998284738528795, -9.730025803745498, 6.995136059110832)
(7.925737788181994, -9.810063673175113, 6.995235157722494)
(7.858604954336359, -9.88107562780805, 6.995323443386427)
(7.775949063556048, -9.96660036882722, 6.995446138466531)
(7.70026052493438, -10.043332339106156, 6.995576975135599)
(7.624118539336745, -10.119181426391005, 6.995721975016933)
(7.5475198098840695, -10.194234728126004, 6.995876143551927)
(7.470473475039967, -10.268268290504084, 6.9960348586083505)
(7.39292411793264, -10.340936547545367, 6.996180097934914)
(7.3148429687154355, -10.41176843725523, 6.996293669140293)
(7.236258709042708, -10.480501859268418, 6.996346087459815)
(7.157102566999968, -10.54801827026122, 6.996368483910491)
(7.077536208341684, -10.6158758373124, 6.996428575887465)
(6.997985667404895, -10.68557466811852, 6.996528288379772)
(6.918921191037024, -10.758241309902077, 6.996633285976736)
(6.840727720181505, -10.834481406691902, 6.996718411166317)
(6.763617248916355, -10.914534590385541, 6.996779060762583)
(6.687673732143521, -10.998136380233186, 6.996827850714191)
(6.612803536637132, -11.08488057093437, 6.99687480058688)
(6.538812699581269, -11.1740798810795, 6.996944416483492)
(6.465428558725529, -11.2646730732107, 6.997038686402807)
(6.392304081683083, -11.355487083120344, 6.997137784383269)
(6.3190817041713, -11.445492865094002, 6.997225737682775)
(6.245484644582513, -11.533870782464842, 6.997292842212018)
(6.171310176283304, -11.620221733026517, 6.997339924878483)
(6.096420501245366, -11.704589289187417, 6.997395084078781)
(6.020749618814628, -11.787051635886495, 6.997490401546616)
(5.944285014278057, -11.867159969613848, 6.99761387102245)
(5.866991891044643, -11.943952827379771, 6.997710533076143)
(5.788797493526757, -12.016382226489858, 6.997731349612926)
(5.709577823296823, -12.083796561745245, 6.997672545712673)
(5.62924190103301, -12.146023490495619, 6.997571655752113)
(5.547785721267521, -12.20326694796006, 6.997469319384076)
(5.465205618880359, -12.256086957577844, 6.997402294003536)
(5.381571252376664, -12.305065447127735, 6.997390238156205)
(5.2971437657487135, -12.350465372251007, 6.997393647659888)
(5.211922540771462, -12.39302112998742, 6.997390078763049)
(5.125839947820586, -12.433960188969653, 6.997417741943201)
(5.038874053685841, -12.474769437985596, 6.997499987007949)
(4.951136124270384, -12.516646418252604, 6.997634913766279)
(4.86271507579314, -12.560171513057915, 6.997819468072386)
(4.773768951579688, -12.604666264110314, 6.998042650593669)
(4.68459994295219, -12.64819755115134, 6.998238760013255)
(4.5954531832558505, -12.688629294696604, 6.998327162679204)
(4.5064678765011825, -12.724344090295777, 6.998271388916544)
(4.417570238130155, -12.754695360167766, 6.9981032746487335)
(4.328043309549798, -12.780402349202905, 6.997985763406823)
(4.238170606703396, -12.801334747522269, 6.997997215728618)
(4.148706624568319, -12.816424284968793, 6.997981106534098)
(4.060726920319791, -12.824208995414878, 6.997798483919525)
(3.9747864185140074, -12.82399363137552, 6.997399039251524)
(3.8903945877635286, -12.816586061697818, 6.996930820319882)
(3.806009895170246, -12.804563748532182, 6.9966477297951135)
(3.7202266944248445, -12.791317510200406, 6.996624551044998)
(3.6324126684233717, -12.779726174061468, 6.996762472553966)
(3.542436442334763, -12.771558062193817, 6.996944772361266)
(3.45050376307576, -12.76732774046099, 6.997114127983501)
(3.3574739457048612, -12.766244184047553, 6.997207215780369)
(3.2631332465557708, -12.76867480607237, 6.997116067104476)
(3.1666196854751862, -12.777142410171711, 6.996922847987303)
(3.0675661983035627, -12.795616033844754, 6.996549097476954)
(2.9666408260035273, -12.827356298340325, 6.995933533838592)
(2.8648177199264797, -12.872742009971088, 6.995306711922029)
(2.7628287286455304, -12.928228138904133, 6.99494623054327)
(2.660883884261324, -12.98882590000612, 6.994897028918919)
(2.5594154205992363, -13.04925482456843, 6.995035901352461)
(2.459247285421568, -13.104799613033427, 6.995099120632795)
(2.3611248197650685, -13.152038448152126, 6.9948510300905316)
(2.2650821908484464, -13.189479299797853, 6.994272466401909)
(2.1698311388145046, -13.218265474058093, 6.993703053238996)
(2.0741541779478734, -13.241150923587067, 6.993450945002512)
(1.9773935296027274, -13.26107202911893, 6.993514877453582)
(1.879307023921414, -13.280290312555625, 6.993770517805641)
(1.7799555893558707, -13.300061273832771, 6.994105414700018)
(1.6795342189824911, -13.320730672463341, 6.994449388615678)
(1.578246253295086, -13.342018783629287, 6.99477461696196)
(1.4764513002403743, -13.363118195784581, 6.9950731032877576)
(1.3745739517925657, -13.383003050058663, 6.995324886291152)
(1.2728827648868286, -13.400835389002868, 6.995523231116588)
(1.1715689965206657, -13.416047179700337, 6.995682109976119)
(1.0707139447037815, -13.428375465394787, 6.995820463944555)
(0.9703426246349532, -13.437758255030765, 6.995959819056043)
(0.8705701675037681, -13.444135512460122, 6.996104119556482)
(0.771549522912314, -13.447420873229095, 6.996238778930819)
(0.6733161027514941, -13.447615154597187, 6.996361198404711)
(0.5756993263989169, -13.444840253318313, 6.996504349130016)
(0.47899828271095435, -13.438844557551619, 6.996671190595762)
(0.38411523004749, -13.428932059857255, 6.996770025327208)
(0.29133679458334044, -13.414786659295064, 6.996747115843944)
(0.20001637797163607, -13.396970967901783, 6.996690592193964)
(0.1089641044702834, -13.376880976833698, 6.996721275755351)
(0.017189676380140014, -13.35612088203848, 6.996868590791957)
(-0.07581857637372962, -13.335892794818438, 6.997091115138986)
(-0.16985398427876064, -13.316638899305604, 6.997309964243886)
(-0.2653111845871845, -13.298848643606899, 6.997475566481228)
(-0.3625503997001021, -13.28302469667596, 6.997638605036057)
(-0.4614512515519456, -13.269273649687726, 6.997817998771771)
(-0.5616741347207115, -13.257274126664655, 6.9979930811389615)
(-0.6628807105176321, -13.246481026512111, 6.998156997976319)
(-0.7646315416283009, -13.23620287672353, 6.998314012219362)
(-0.8664163038959934, -13.225703598290057, 6.998451539668512)
(-0.9675961151891023, -13.21434397743308, 6.998523624697596)
(-1.0685187166995747, -13.202384096414907, 6.998514405053332)
(-1.1707733481147697, -13.191513725933806, 6.998529441195225)
(-1.2753233281772784, -13.183741564685125, 6.998603357587852)
(-1.382523893288736, -13.180581158826202, 6.998674847880679)
(-1.4926044213211895, -13.182932912763881, 6.998725143856986)
(-1.6052184312717508, -13.190429350156979, 6.9988253683017705)
(-1.7191771793933512, -13.200988464517302, 6.999014882697548)
(-1.8322435272360378, -13.21132431170359, 6.9991984203985975)
(-1.9428156341267069, -13.218725658981693, 6.999213992537493)
(-2.0503636254888584, -13.221629033033953, 6.999030605197709)
(-2.15546419705212, -13.219880037492809, 6.99877840892439)
(-2.2592584793997554, -13.214496001530105, 6.99863513939114)
(-2.362761296833565, -13.206891211331802, 6.998663890279488)
(-2.466297588149083, -13.197995491378043, 6.998821447308395)
(-2.569704258513355, -13.187976975224327, 6.99902386464682)
(-2.6725036671296825, -13.176367160523977, 6.999211181773583)
(-2.773824662742954, -13.16228893110245, 6.999337569857889)
(-2.872836348752928, -13.144875843131825, 6.999362914146746)
(-2.969143216288532, -13.123606488873707, 6.999294560419807)
(-3.0630774265344773, -13.098433847514846, 6.999218302905824)
(-3.154383155175896, -13.069410715207756, 6.999165366883602)
(-3.2426799246163927, -13.036673048269103, 6.999059777280639)
(-3.3288744643398536, -13.000885285035068, 6.998920482316753)
(-3.415185280112628, -12.963600707868558, 6.9988879028012425)
(-3.50343702409027, -12.926739013787259, 6.9989954615699554)
(-3.594411349637992, -12.89163721473363, 6.999189787598783)
(-3.687842223865176, -12.85853046353381, 6.999412764345537)
(-3.78268429462329, -12.826710826103186, 6.9995999031961915)
(-3.8780222594508267, -12.79525553925004, 6.999706244888216)
(-3.9735918444616414, -12.763618450516024, 6.999746733705689)
(-4.069581080791454, -12.731790301046997, 6.999771920264726)
(-4.166501964529905, -12.700204146525385, 6.999819218122136)
(-4.264825265917971, -12.669453256823516, 6.999897765643421)
(-4.364984672650427, -12.6400764464197, 7.000003376976643)
(-4.467187528092549, -12.612266910907678, 7.000160668386054)
(-4.570649269376074, -12.585309033071061, 7.00038853880386)
(-4.673042536876593, -12.557495686702243, 7.000591967769706)
(-4.771920358479966, -12.527029781704563, 7.000621922291992)
(-4.865706928263113, -12.4925842248793, 7.000413428154869)
(-4.95407047421523, -12.453512292920893, 7.000035798861754)
(-5.037240859685006, -12.410017407618286, 6.999600270154762)
(-5.1174243077067985, -12.363149861654605, 6.999256155888405)
(-5.198153699010625, -12.315116460633632, 6.999130694009973)
(-5.283077018027029, -12.269244799692483, 6.999115392405631)
(-5.375022077931865, -12.22933288978999, 6.998985966472327)
(-5.4753620819054385, -12.198391863178951, 6.998629594810768)
